,S,E,E_delta,I,I_delta,R,E+I
2020-03-12,199999948.0,52.0,0.0,0.0,0.0,0.0,52.0
2020-03-13,199999948.0,4.979700464715741,0.0,47.02029953528426,47.02029953528426,0.0,52.0
2020-03-14,199999903.1390676,45.3378058166829,44.860932418254244,38.797754640067765,4.502827066287083,12.725371961503582,84.13556045675067
2020-03-15,199999866.123075,41.357698204008734,37.01599257526781,69.2937971094168,40.99610018794198,23.22542968009653,110.65149531342553
2020-03-16,199999800.01156345,70.07206827601559,66.1115115651295,87.93756289976258,37.39714149312266,41.978805382873404,158.00963117577817
2020-03-17,199999716.11252013,90.60938775294794,83.89904331145432,127.50024231416415,63.36172383452197,65.7778498029938,218.1096300671121
2020-03-18,199999594.46775866,130.32183091632237,121.64476148745767,174.9264425431882,81.93231832408325,100.28396789805302,305.24827345951053
2020-03-19,199999427.57495868,179.3728707929933,166.89279998575066,245.42686137488516,117.84176010907973,147.62530917543577,424.79973216787846
2020-03-20,199999193.41972572,251.33260158946177,234.15523297320667,341.20109164976816,162.1955021767382,214.04658107729094,592.5336932392299
2020-03-21,199998867.88923115,349.59897675626365,325.5304945844702,476.12401273763464,227.26411941766833,306.3877794070928,825.7229894938982
2020-03-22,199998413.6332605,487.7347819395249,454.2559706507304,663.388019869841,316.1201654674691,435.24393774235557,1151.122801809366
2020-03-23,199997780.7156248,679.6248110747019,632.9176356846581,924.8791413036913,441.027606549481,614.7804228579862,1604.5039523783933
2020-03-24,199997339.51797774,813.5516678789318,441.1976470767631,981.8446121961626,307.27079027253325,865.085742238048,1795.3962800750944
2020-03-25,199996871.14696825,914.1011090038985,468.37100950090394,1083.9439707588979,367.8215683759372,1130.80795205125,1998.0450797627964
2020-03-26,199996354.07253858,1017.8937314572909,517.0744296735735,1203.8718361781475,413.28180722018107,1424.1618938521813,2221.7655676354384
2020-03-27,199995779.7903335,1131.9675889439045,574.2822050655561,1338.2694794282236,460.20834757894244,1749.9725981810475,2470.2370683721283
2020-03-28,199995141.39834055,1258.5763598273943,638.3919929640275,1487.8691961129155,511.78322208053766,2112.156103576893,2746.4455559403095
2020-03-29,199994431.64536175,1399.3039787421308,709.7529787908112,1654.2240256493817,569.0253598760748,2514.826633916502,3053.5280043915127
2020-03-30,199993642.5395276,1555.7589261583255,789.1058341601373,1839.182825314046,632.6508867439426,2962.5187209957803,3394.941751472372
2020-03-31,199992765.20722634,1729.7042013199257,877.332301244837,2044.8213089881133,703.387026083237,3460.26726340495,3774.525510308039
2020-04-01,199991789.7849409,1923.0956246917267,975.4222854247099,2273.4505124200255,782.0308620529089,4013.668922025947,4196.546137111753
2020-04-02,199990705.30706054,2138.10684823922,1084.477880355182,2527.6402847215622,869.4666568076883,4628.945806532099,4665.747132960782
2020-04-03,199989499.58250266,2377.1542480274893,1205.7245578906795,2810.2477298306344,966.6771581024105,5313.015519525437,5187.401977858124
2020-04-04,199988159.05778724,2642.9241097609006,1340.5247154240453,3124.449205097333,1074.754853690634,6073.5688979493725,5767.373314858234
2020-04-05,199986668.66487193,2938.4027626539064,1490.3929152966793,3473.775950989083,1194.9142624036733,6919.156414461296,6412.178713642989
2020-04-06,199985011.6520215,3266.910054874683,1657.0128504447518,3862.1537021987665,1328.5055582239754,7859.284221475587,7129.063757073449
2020-04-07,199983169.39581951,3632.136551706739,1842.256201976667,4293.946713432122,1477.0297051446107,8904.520915386842,7926.083265138861
2020-04-08,199981121.19222587,4038.1848702051257,2048.2035936359384,4774.006688213369,1642.1552751375514,10066.616215743146,8812.191558418494
2020-04-09,199978844.02435192,4489.6156078597705,2277.167873961356,5307.727153962013,1825.7371363067114,11358.632886301213,9797.342761821783
2020-04-10,199976312.30436927,4991.498372431064,2531.7199826468104,5901.103886419931,2029.8372180755164,12795.093371918812,10892.602258850995
2020-04-11,199973497.58668375,5549.46847524136,2814.7176855179155,6560.802052591672,2256.74758270762,14392.142788454692,12110.270527833032
2020-04-12,199970368.24919045,6169.7899111573915,3129.3374932955126,7294.230814480298,2509.01605737948,16167.730083945546,13464.020725637689
2020-04-13,199965729.43570614,7089.303784041516,4638.813484325092,9039.451119649108,3719.2996114409666,18141.809390217702,16128.754903690624
2020-04-14,199959980.87138376,8564.263139475675,5748.5643223861625,10866.657850897709,4273.604966952003,20588.207625921103,19430.920990373386
2020-04-15,199953070.5086866,10311.879450527114,6910.362697168621,13088.498617574955,5162.746386117182,23529.113245361037,23400.37806810207
2020-04-16,199944747.51295584,12418.623123139281,8322.995730759954,15762.535611752715,6216.252058147787,27071.328309331064,28181.158734891997
2020-04-17,199934724.51034707,14955.377282363144,10023.00260878561,18982.879107529974,7486.248449561747,31337.233263115555,33938.25638989312
2020-04-18,199922654.37685376,18010.045141305578,12070.133493300134,22860.89985253083,9015.465634357699,36474.6781524724,40870.94499383641
2020-04-19,199908119.30800623,21688.22017872829,14535.068847527571,27530.817891036568,10856.89381010486,42661.65392407152,49219.03806976486
2020-04-20,199890616.35567847,26116.985209164624,17502.952327756855,33154.182851401085,13074.187297320519,50112.47626102752,59271.16806056571
2020-04-21,199869540.14659542,31449.2395807729,21076.209083063524,39925.43187970374,15743.954711455248,59085.18194418011,71374.67146047665
2020-04-22,199844162.11120316,37868.9074698763,25378.035392242622,48078.55193835044,18958.367503139223,69890.42938867264,85947.45940822674
2020-04-23,199813605.54085374,45597.178174345754,30556.570349438007,57895.07873557549,22828.299644968552,82902.20223641614,103492.25690992124
2020-04-24,199776815.65264246,54899.976953305224,36789.88821128592,69713.69265983156,27487.08943232645,98570.67774448651,124613.6696131368
2020-04-25,199732523.68880588,66096.89770239659,44291.96383658642,83941.72131581305,33095.043087495054,117437.69217600007,150038.61901820963
2020-04-26,199679203.89970714,79571.86720728426,53319.78909873037,101068.9138977091,39844.81959384269,140155.31918794668,180640.78110499337
2020-04-27,199615022.05460718,95785.85293971078,64181.84509996971,121683.91639694583,47967.85936754319,167508.17605625314,217469.7693366566
2020-04-28,199537773.89117706,115291.97154333249,77248.1634301331,146493.94859938498,57742.044826511396,200440.1886803254,261785.92014271748
2020-04-29,199444811.6531335,138753.40143327293,92962.23804354254,176348.26354769256,69500.80815360209,240086.68188561994,315101.6649809655
2020-04-30,199332956.5780894,166964.54702955612,111855.07504412977,212266.0561867834,83643.92944784657,287812.8186943757,379230.6032163395
2020-05-01,199198394.89141613,200875.9386630254,134561.68667324854,255469.5772486285,100650.29503977929,345259.59267230984,456345.51591165387
2020-05-02,199036554.54970306,241623.37261497055,161840.34171305853,307423.2956071447,121092.90776111335,414398.78207490704,549046.6682221153
2020-05-03,198841959.68200096,290561.7870467851,194594.86770209039,369880.0282270545,145656.45327027584,497598.5027252731,660441.8152738396
2020-05-04,198608059.4354698,349304.3122901578,233900.24653115874,444935.006936847,175157.7212877861,597701.2453032667,794239.3192270048
2020-05-05,198327027.80202785,419766.79966995004,281031.63344196783,535088.8532683862,210569.14606217557,718116.545033903,954855.6529383363
2020-05-06,197989531.07128525,504217.8809837336,337496.73074261314,643320.3531151834,253045.64942882964,862930.6946159354,1147538.2340989169
2020-05-07,197584459.95062423,605334.1837614027,405071.12066102127,773169.7130430123,303954.81788335205,1037036.1525714586,1378503.8968044152
2020-05-08,197098624.29978597,726259.6469149368,485835.65083825163,928832.5695732742,364910.1876847175,1246283.4837259143,1655092.216488211
2020-05-09,196516410.10266796,870666.8422594895,582214.1971180157,1115264.3131157793,437807.00177346304,1497658.7419568722,1985931.1553752688
2020-05-10,195819401.09543452,1042816.673614958,697009.0072334337,1338293.1442266034,524859.1758779652,1799489.086724013,2381109.8178415615
2020-05-11,194985971.85395893,1247610.6285038074,833429.2414755683,1604738.5208780596,628635.286586719,2161678.996659276,2852349.1493818667
2020-05-12,193990865.7092832,1490626.7032352546,995106.14467572,1922529.0482640709,752090.0699442727,2595978.5392175377,3413155.7514993255
2020-05-13,192804780.32471955,1778126.0098320572,1186085.384563661,2300810.1199304652,898586.0779668583,3116283.5455180015,4078936.1297625224
2020-05-14,191393996.9304465,2117011.742646343,1410783.3942730438,2750026.410188345,1071897.6614587582,3738964.91671888,4867038.152834687
2020-05-15,189720106.83562633,2514715.603377484,1673890.0948201816,3281957.3052116567,1276186.2340890407,4483220.255784608,5796672.9085891405
2020-05-16,187739911.42165434,2978979.210723042,1980195.413971999,3909674.27944954,1515931.8066264407,5371435.088173166,6888653.490172582
2020-05-17,185405599.17438388,3517490.2426398983,2334312.2472704733,4647378.035917667,1795801.215353617,6429532.547058657,8164868.278557565
2020-05-18,182665333.88589892,4137326.751363735,2740265.2884849617,5510060.379835787,2120428.779761125,7687278.982901662,9647387.131199522
2020-05-19,179464418.04493594,4844161.270218152,3200915.8409629725,6512922.620893242,2494081.322108556,9178498.063952763,11357083.891111393
2020-05-20,175747217.12302956,5641183.808497872,3717200.921906394,7670471.5928300945,2920178.383626674,10941127.475642584,13311655.401327968
2020-05-21,171460031.52046573,6527726.431457017,4287185.602563832,8995211.077484412,3400642.979604687,13017030.970592953,15522937.508941429
2020-05-22,166555065.30057,7497620.18864119,4904966.219895726,10495858.23953769,3935072.462711553,15451456.271251228,17993478.42817888
2020-05-23,160995541.87892663,8537395.570903746,5559523.421643367,12175052.274086982,4519748.03938081,18292010.276082747,20712447.84499073
2020-05-24,154761833.98859447,9624553.49976021,6233707.8903321475,14026598.367664183,5146549.961475683,21587014.14398123,23651151.86742439
2020-05-25,147858196.28128427,10726275.970505103,6903637.707310194,16032415.252086848,5801915.236565301,25383112.496123865,26758691.22259195
2020-05-26,140319328.62097502,11799083.258618569,7538867.660309258,18159531.603498768,6466060.372195792,29722056.516907737,29958614.862117335
2020-05-27,132215618.39102706,12790018.757002383,8103710.229947956,20357688.6787506,7112774.731564141,34636674.173220046,33147707.435752984
2020-05-28,123655633.62072353,13639868.745047504,8559984.770303532,22558306.01271644,7710134.782258412,40146191.62151262,36198174.757763945
2020-05-29,114784438.04889233,14288619.265415933,8871195.571831191,24675667.99005233,8222445.051462762,46251274.69563949,38964287.255468264
2020-05-30,105776742.61739857,14682787.032736734,9007695.431493755,26611078.82648473,8613527.664172955,52929391.52338005,41293865.85922146
2020-05-31,96824858.88209695,14783529.174550304,8951883.735301632,28260312.314096168,8851141.593488062,60131299.629256666,43043841.48864647
2020-06-01,88122728.36751415,14573788.27918478,8702130.514582794,29523934.148873854,8911871.40994832,67779549.2044273,44097722.42805863
2020-06-02,79848568.15925129,14062513.99704913,8274160.208262856,30319137.876717813,8785434.490398504,75769779.96698184,44381651.873766944
2020-06-03,72149365.63734828,13284490.616896013,7699202.521903006,30590922.493913062,8477225.902056124,83975221.25184272,43875413.11080907
2020-06-04,65130177.97907303,12295463.813887624,7019187.6582752485,30320141.048578702,8008214.461283637,92254217.15846072,42615604.86246633
2020-06-05,58849952.37651946,11163684.397797037,6280225.602553576,29526433.28823717,7412005.018644162,100459929.93744642,40690117.6860342
2020-06-06,53323850.75468152,9960045.19525297,5526101.621837935,28265266.99371862,6729740.8243820015,108450837.05634697,38225312.188971594
2020-06-07,48530531.46208655,8749206.68700482,4793319.29259497,26619834.306173436,6004157.8008431215,116100427.54473527,35369040.993178256
2020-06-08,44422042.183080584,7583461.105509775,4108489.2790059634,24689791.51537082,5274234.860501008,123304705.19603889,32273252.620880596
2020-06-09,40934032.30918132,6499975.944854588,3488009.873899269,22579347.391938806,4571495.034554455,129986644.35402535,29079323.336793393
2020-06-10,37994639.16959171,5521025.290864646,2939393.13958961,20386913.56287023,3918343.793579552,136097421.97667348,25907938.853734877
2020-06-11,35531235.5863941,4656220.375109236,2463403.5831976095,18197695.31638392,3328208.49895302,141614848.7221128,22853915.691493157
2020-06-12,33474926.179087784,3905646.747288248,2056309.4073063186,16079632.231818307,2806883.0351273064,146539794.84180573,19985278.979106557
2020-06-13,31763108.5200571,3263045.4327740325,1711817.6590306829,14082328.58393408,2354418.9735448984,150891517.46323484,17345374.016708113
2020-06-14,30340585.724107955,2718524.9768478405,1422522.7959491448,12238190.897240523,1967043.2518753367,154702698.40180373,14956715.874088364
2020-06-15,29159713.393549137,2260604.2470792606,1180872.3305588195,10564892.523815822,1638793.0603273995,158014789.83555582,12825496.770895083
2020-06-16,28179975.067961786,1877595.2799947835,979738.3255873508,9068402.66939167,1362747.292671828,160874026.9826518,10945997.949386453
2020-06-17,27367269.634261128,1558440.5538058172,812705.4337006572,7746029.270473247,1131860.1598896235,163328260.54145986,9304469.824279064
2020-06-18,26693095.063028216,1293149.2064761142,674174.57123291,6589143.088652109,939465.918562613,165424612.64184362,7882292.295128223
2020-06-19,26133737.345295966,1072965.090460646,559357.7177322503,5585427.53060572,779541.8337477185,167207870.03363773,6658392.621066366
2020-06-20,25669521.771794718,890371.1774957022,464215.5735012478,4720620.893962276,646809.4864661916,168719486.15674737,5610992.071457978
2020-06-21,25284151.095781088,739004.4244909782,385370.67601363076,3979789.7545405794,536737.4290183546,169997054.72518742,4718794.179031557
2020-06-22,24964136.14440717,613529.5117948165,320014.9513739171,3348206.408621722,445489.86407007894,171074127.93517634,3961735.9204165386
2020-06-23,24698314.384794913,509500.7404028573,265821.75961225864,2811912.7343635117,369850.5310042178,171980272.14043877,3321413.474766369
2020-06-24,24477447.342313286,423228.3286897229,220867.04248162793,2358048.2004570747,307139.4541947623,172741276.12853998,2781276.5291467975
2020-06-25,24293886.278506517,351657.0490758703,183561.06380676938,1975008.5043428782,255132.34342062197,173379448.1680748,2326665.5534187485
2020-06-26,24141295.697373815,292260.197115731,152590.58113270145,1652488.1164883794,211987.43309284074,173913955.98902214,1944748.3136041104
2020-06-27,24014425.188033797,242949.14221699449,126870.5093400185,1381447.3926492124,176181.56423875503,174361178.27710006,1624396.5348662068
2020-06-28,23908921.33764034,201997.33313758456,105503.85039345491,1154034.061697658,146455.65947286482,174735047.26752448,1356031.3948352425
2020-06-29,23821172.701850962,167977.05726724808,87748.63578937924,963480.1503109703,121768.91165971573,175047370.0905709,1131457.2075782183
2020-06-30,23748181.977722432,139707.12052703794,72990.72412852834,803988.680474288,101260.66086873849,175308122.2212763,943695.801001326
2020-07-01,23687460.537302904,116209.70640306096,60721.44041952794,670619.4908540943,84218.85454350493,175525710.26544002,786829.1972571552
2020-07-02,23636941.34038192,96674.8622473841,50519.196920981696,559179.9525598126,70054.04107665856,175707203.84481096,655854.8148071966
2020-07-03,23594906.96163213,80431.27970994182,42034.37874979291,466123.85259973834,58277.96128723518,175858537.90605828,546555.1323096801
2020-07-04,23559930.058093164,66922.24909547449,34976.90353896465,388460.02881703386,48485.934153432,175984687.66399443,455382.27791250835
2020-07-05,23530824.086732842,55685.85894241067,29105.97136032229,323671.2361751028,40342.36151338611,176089818.81814975,379357.0951175135
2020-07-06,23506602.476773534,46338.67701259308,24221.609959307247,269643.03454705403,33568.791889124834,176177415.8116669,315981.7115596471
2020-07-07,23486444.783535168,38562.287261205915,20157.69323836819,224602.0845116592,27934.082989755356,176250390.84469205,263164.3717728651
2020-07-08,23469668.61321629,32092.17171101258,16776.170318878187,187063.02666774223,23246.285869071522,176311176.18840504,219155.1983787548
2020-07-09,23455706.322475333,26708.51980338531,13962.290740957185,155783.03502585317,19345.942648584456,176361802.1226955,182491.55482923848
2020-07-10,23444085.671995863,22228.624112353038,11620.650479470918,129723.1295278526,16100.546170503188,176403962.574364,151951.75364020563
2020-07-11,23434413.75680114,18500.58335810221,9671.915194724583,108015.37473131302,13399.95594897541,176439070.28510952,126515.95808941522
2020-07-12,23426363.653878387,15398.08408758054,8050.102922753473,89935.15972431289,11152.602193275141,176468303.1023098,105333.24381189344
2020-07-13,23419663.324480604,12816.073407575175,6700.3293977834965,74877.83435504712,9282.340077788862,176492642.76775685,87693.90776262229
2020-07-14,23414086.38816327,10667.168564777388,5576.936317335239,62339.05995004951,7725.841160133025,176512907.38332197,73006.2285148269
2020-07-15,23409444.451310594,8878.67642887431,4641.936852676423,51898.31343708708,6430.4289885795015,176529778.55882353,60776.9898659614
2020-07-16,23405580.727141343,7390.118224245685,3863.724169250068,43205.05911322428,5352.282373878693,176543824.09552127,50595.17733746996
2020-07-17,23402364.72901132,6151.173117021332,3215.9981300217382,35967.17067418647,4454.9432372460915,176555516.92719755,42118.3437912078
2020-07-18,23399687.855919488,5119.969254292992,2676.8730918323167,29941.24700017926,3708.076954560656,176565250.9278261,35061.21625447225
2020-07-19,23397459.719841048,4261.66317954955,2228.1360784399226,24924.51863266826,3086.4421531833655,176573354.0983468,29186.18181221781
2020-07-20,23395605.08996885,3547.2587027610107,1854.6298721975088,20748.088284558504,2569.034348986048,176580099.5630439,24295.346987319514
2020-07-21,23394061.350058693,2952.624680443707,1543.7399101566273,17271.288695796262,2138.373932473931,176585714.73656514,20223.91337623997
2020-07-22,23392776.382595733,2457.678080716041,1284.967462961258,14376.97534860676,1779.9140626889239,176590388.963975,16834.653429322803
2020-07-23,23391706.80804665,2045.7044308683894,1069.5745490827428,11967.600673787694,1481.5481989303946,176594279.88684875,14013.305104656083
2020-07-24,23390816.51954536,1702.7924821547522,890.2885012875153,9961.941066200134,1233.2004500011524,176597518.74690634,11664.733548354885
2020-07-25,23390075.463399753,1417.3638513861547,741.0561456076413,8292.36888890159,1026.4847763762389,176600214.80386,9709.732740287745
2020-07-26,23389458.624151297,1179.7816531412245,616.8392484558535,6902.579226864379,854.4214467007836,176602459.01496875,8082.360880005604
2020-07-27,23388945.1798564,982.0248362817796,513.4442948961091,5745.695936271899,711.201111755554,176604327.0993711,6727.720772553678
2020-07-28,23388517.79902651,817.4171795920322,427.3808298879162,4782.693946621464,591.9884865776636,176605882.08984733,5600.111126213496
2020-07-29,23388162.055461146,680.401762526999,355.7435653670771,3981.085176182947,492.75898243211026,176607176.4576002,4661.486938709946
2020-07-30,23387865.941198125,566.3532732610975,296.11426302069896,3313.8241311298493,410.16275228660055,176608253.88139755,3880.177404390947
2020-07-31,23387619.461124673,471.42180117950795,246.48007345078872,2758.3965433430226,341.4115455323782,176609150.72053087,3229.8183445225304
2020-08-01,23387414.295554478,392.40282907971425,205.1655701940997,2296.0604896754785,284.1845422938934,176609897.24112684,2688.4633187551926
2020-08-02,23387243.519373562,326.6290284350389,170.77618091713381,1911.214519573751,236.54998156180918,176610518.6370785,2237.84354800879
2020-08-03,23387101.368269652,271.88019960125223,142.1511039089622,1590.871561476304,196.89993274274883,176611035.87996933,1862.7517610775562
2020-08-04,23386983.04415073,226.30831310291921,118.32411892427919,1324.220918688552,163.8960054226122,176611466.42661753,1550.5292317914714
2020-08-05,23386884.553182308,188.3751190966609,98.49096842225653,1102.2636178754176,136.42416242851485,176611824.80808076,1290.6387369720785
2020-08-06,23386802.57097492,156.80021719078948,81.98220738797271,917.5088347371086,113.55710929384414,176612123.11997318,1074.309051927898
2020-08-07,23386734.330370158,130.5178324708238,68.24060476091314,763.7211729590781,94.52298948087883,176612371.43062446,894.2390054299019
2020-08-08,23386677.528036855,108.64083785759355,56.802333303105456,635.7102820373316,78.67932791633571,176612578.1208433,744.3511198949251
2020-08-09,23386630.24672412,90.43080779854895,47.281312733625896,529.1557238334149,65.4913427926705,176612750.1667443,619.5865316319638
2020-08-10,23386590.890546646,75.2730920681259,39.35617747349351,440.4611841287774,54.51389320391656,176612893.3751772,515.7342761969034
2020-08-11,23386558.131117653,62.65606803489722,32.7594289922881,366.63311361788055,45.37645302551679,176613012.57970074,429.28918165277776
2020-08-12,23386530.862711128,52.15387088457735,27.268406525372654,305.17970574318537,37.77060367569252,176613111.80371228,357.33357662776274
2020-08-13,23386508.164939795,43.41201874545368,22.69777133417591,254.02680409294703,31.439623473299587,176613194.3962374,297.4388228384007
2020-08-14,23386489.271689005,36.13544742011107,18.89325078802415,211.44790273531584,26.16982211336676,176613263.14496088,247.5833501554269
2020-08-15,23386473.545257922,30.07855079028801,15.726431082165877,176.00587800633255,21.78332771198894,176613320.37031332,206.08442879662056
2020-08-16,23386460.454835113,25.036890680948936,13.090422810489171,146.5044858701184,18.132082919828246,176613368.00378838,171.54137655106734
2020-08-17,23386449.558582034,20.840296333921245,10.896253079259308,121.94798832940653,15.092847426287001,176613407.65313336,142.78828466332777
2020-08-18,23386440.488719657,17.34712055527517,9.069862375521405,101.50754656562299,12.56303815416748,176613440.6566133,118.85466712089816
2020-08-19,23386432.93911484,14.43945864894719,7.549604819104394,84.49324676098925,10.457266725432373,176613468.12817982,98.93270540993645
2020-08-20,23386426.65494742,12.01916875091894,6.284167419931338,70.33081458876482,8.704457317959587,176613490.9950693,82.34998333968376
2020-08-21,23386421.424109314,10.004559231288408,5.23083810643789,58.54223255438897,7.245447626068422,176613510.02909896,68.54679178567737
2020-08-22,23386417.07004525,8.327631349406353,4.35406406393428,48.72960606148368,6.030991945816336,176613525.8727174,57.05723741089003
2020-08-23,23386413.44579353,6.931784090272865,3.6242517212320267,40.56173370184121,5.020098980365515,176613539.06068876,47.493517792114076
2020-08-24,23386410.42902565,5.769903711457653,3.0167678806533527,33.762928523948034,4.178648259468565,176613550.0381422,39.532832235405685
2020-08-25,23386407.917917375,4.8027735156629765,2.5111082760320826,28.10371299775231,3.478238471826759,176613559.1755962,32.90648651341529
2020-08-26,23386405.82771188,3.997750173110034,2.090205494711204,23.393073626385128,2.8952288372641464,176613566.78146443,27.390823799495163
2020-08-27,23386404.087858975,3.3276619151108893,1.7398529036273718,19.472013791405796,2.409941161626517,176613573.1124654,22.799675706516688
2020-08-28,23386402.639633838,2.769891409221798,1.4482251351451612,16.208187232578805,2.0059956410342523,176613578.38228762,18.978078641800604
2020-08-29,23386401.43415489,2.3056123600726854,1.205478947540882,13.491431034447821,1.6697579966899945,176613582.7688018,15.797043394520507
2020-08-30,23386400.430733904,1.9191540687616426,1.0034209879565383,11.230047350630928,1.3898792792675811,176613586.42006478,13.14920141939257
2020-08-31,23386399.59550266,1.5974725027465644,0.8352312438250751,9.347708367214455,1.1569128098401533,176613589.45931658,10.94518086996102
2020-09-01,23386398.90026981,1.3297100232502974,0.6952328484335236,7.780880041613491,0.9629953279297906,176613591.98914024,9.11059006486379
2020-09-02,23386398.32156934,1.106828909673467,0.5787004708885385,6.476677662642597,0.801581584465369,176613594.0949242,7.583506572316065
2020-09-03,23386397.839868516,0.9213063113907294,0.48170082309108936,5.3910808521920455,0.667223421373827,176613595.84774444,6.312387163582775
2020-09-04,23386397.438908614,0.7668803306697762,0.40095990037314894,4.487447760699572,0.5553858810941021,176613597.3067634,5.254328091369349
2020-09-05,23386397.10515614,0.6383386662825221,0.33375247478980635,3.7352783069795494,0.46229413917706047,176613598.521227,4.373616973262072
2020-09-06,23386396.827346027,0.5313426839280411,0.27781011115267346,3.1091847187358193,0.38480609350715445,176613599.5321267,3.64052740266386
2020-09-07,23386396.596101426,0.44228097534582705,0.23124460108673933,2.5880346269361683,0.32030630966895335,176613600.3735831,3.0303156022819953
2020-09-08,23386396.403617196,0.3681474633269478,0.19248423079546004,2.154237791312948,0.26661774281433925,176613601.07399768,2.5223852546398957
2020-09-09,23386396.243396465,0.3064399383253761,0.1602207313931483,1.793152382143628,0.22192825639472005,176613601.65701133,2.099592320469004
2020-09-10,23386396.110031344,0.2550756019966347,0.13336512123065888,1.4925907787792085,0.18472945755940023,176613602.1423024,1.7476663807758432
2020-09-11,23386395.999020394,0.21232076702293878,0.11101094977021068,1.2424082043251325,0.15376578474390662,176613602.54625076,1.4547289713480713
2020-09-12,23386395.90661669,0.17673234039861896,0.0924037023882428,1.0341603118083327,0.12799212901256263,176613602.88249078,1.2108926522069516
2020-09-13,23386395.829701357,0.1471091150744861,0.07691533343375025,0.8608181644531002,0.10653855875788311,176613603.1623715,1.0079272795275864
2020-09-14,23386395.76567829,0.12245122591934185,0.06402306796245752,0.7165309898882495,0.08868095711760177,176613603.3953396,0.8389822158075914
2020-09-15,23386395.712386534,0.10192640152530633,0.053291756646864696,0.5964287006031525,0.07381658104090022,176613603.5892585,0.6983551021284587
2020-09-16,23386395.668027345,0.08484187276225677,0.04435918829173965,0.49645751518595793,0.0614437170547892,176613603.75067338,0.5812993879482147
2020-09-17,23386395.631103482,0.07062098991764515,0.036923864212001056,0.4132431321165627,0.05114474705661267,176613603.8850325,0.48386412203420787
2020-09-18,23386395.60036866,0.05878375918575603,0.0307348218245976,0.3439768378591612,0.042572052556486724,176613603.99687085,0.40276059704491723
2020-09-19,23386395.574785497,0.04893064155934389,0.02558316397261691,0.28632070509330654,0.03543628159902905,176613604.08996326,0.33525134665265044
2020-09-20,23386395.55349049,0.04072906729167643,0.021295008073024563,0.23832868126597168,0.029496582340692027,176613604.16745186,0.2790577485576481
2020-09-21,23386395.535764873,0.033902210754999405,0.017725617102391882,0.19838090398834285,0.024552473639068904,176613604.2319521,0.23228311474334226
2020-09-22,23386395.521010358,0.02821964681604641,0.014754514325257356,0.16512902624289152,0.020437078264210352,176613604.28564104,0.19334867305893794
2020-09-23,23386395.50872894,0.023489573355596385,0.012281416873786295,0.13745070597724354,0.01701149033423632,176613604.33033085,0.16094027933283994
2020-09-24,23386395.498506088,0.019552337420752856,0.010222850925876653,0.11441172398432646,0.014160086860720183,176613604.36752993,0.13396406140507933
2020-09-25,23386395.489996754,0.016275046499807544,0.008509334234679646,0.09523445144370436,0.011786625155624956,176613604.39849383,0.1115094979435119
2020-09-26,23386395.48291372,0.01354708303542115,0.007083030912172969,0.07927160281738199,0.009810994376559364,176613604.42426768,0.09281868585280315
2020-09-27,23386395.47701792,0.011276370778628884,0.0058957993092958174,0.06598438818849375,0.008166511566088082,176613604.44572142,0.07726075896712264
2020-09-28,23386395.472110353,0.009386266962871453,0.004907567103243296,0.05492432762450532,0.0067976709190007275,176613604.46357915,0.06431059458737677
2020-09-29,23386395.468025375,0.007812975400396467,0.004084978746657817,0.04571811374989033,0.005658270309132803,176613604.47844362,0.053531089150286794
2020-09-30,23386395.464625105,0.006503393185935608,0.0034002696264166963,0.038055011598649754,0.004709851840877556,176613604.49081656,0.044558404784585365
2020-10-01,23386395.461794775,0.005413318327998556,0.0028303289317862666,0.03167637045717783,0.003920403789723319,176613604.50111562,0.03708968878517639
2020-10-02,23386395.459438857,0.004505957810422472,0.0023559196011718165,0.026366893693433147,0.0032632801187479007,176613604.50968838,0.030872851503855617
2020-10-03,23386395.457477827,0.0037506857271613603,0.0019610290185263016,0.021947371905224347,0.002716301101787413,176613604.5168242,0.025698057632385706
2020-10-04,23386395.455845498,0.003122009573957694,0.0016323285436404698,0.01826863411144794,0.0022610046968441363,176613604.52276394,0.021390643685405636
2020-10-05,23386395.454486772,0.0025987098064046196,0.0013587236339791813,0.015206512822401673,0.001882023401532256,176613604.52770808,0.017805222628806294
2020-10-06,23386395.453355793,0.0021631236221230847,0.0011309793734418725,0.012657653046493907,0.0015665655577234074,176613604.53182352,0.014820776668616992
2020-10-07,23386395.452414386,0.001800548792737802,0.0009414087686156978,0.010536023775835391,0.0013039835980009806,176613604.5352491,0.012336572568573193
2020-10-08,23386395.45163077,0.0014987474233459832,0.0007836132916649236,0.008770014203787443,0.0010854146610567424,176613604.53810054,0.010268761627133426
2020-10-09,23386395.450978503,0.0012475328899997917,0.0006522669124674447,0.007300016663846885,0.000903481445813636,176613604.54047403,0.008547549553846677
2020-10-10,23386395.450435568,0.001038426013209587,0.0005429363304906803,0.006076414707427423,0.000752043207280885,176613604.54244968,0.007114840720637009
2020-10-11,23386395.449983638,0.0008643688623806428,0.0004519313387395922,0.005057908412645635,0.0006259884895685363,176613604.54409418,0.005922277275026278
2020-10-12,23386395.449607458,0.0007194865312981165,0.0003761802691496625,0.004210120398690754,0.0005210626002321888,176613604.54546303,0.004929606929988871
2020-10-13,23386395.449294332,0.0005988888439294929,0.000313126315365224,0.0035044354949404907,0.00043372400273384757,176613604.54660243,0.0041033243388699835
2020-10-14,23386395.449033692,0.0004985052975714729,0.00026064123351255514,0.0029170349004735596,0.0003610247798705752,176613604.54755086,0.0034155401980450325
2020-10-15,23386395.44881674,0.0004149476722198085,0.00021695350813213902,0.0024280922342137367,0.00030051113348380343,176613604.54834032,0.0028430399064335453
2020-10-16,23386395.44863615,0.00034539566885149835,0.000180588558673284,0.002021104340193034,0.0002501405620415942,176613604.54899746,0.002366500009044532
2020-10-17,23386395.448485833,0.00028750171659770794,0.00015031896835630324,0.0016823342607763894,0.00020821292061009363,176613604.54954445,0.001969835977374097
2020-10-18,23386395.44836071,0.0002393117357884195,0.0001251230554898479,0.0014003475766665606,0.00017331303629913633,176613604.54999974,0.00163965931245498
2020-10-19,23386395.44825656,0.0001991991824042471,0.00010415038891172875,0.0011656264638928004,0.00014426294229590117,176613604.55037874,0.0013648256462970474
2020-10-20,23386395.44816987,0.00016581014775477268,8.66930836047746e-05,0.000970248441148219,0.00012008211825424902,176613604.5506942,0.0011360585889029916
2020-10-21,23386395.448097706,0.00013801766034697466,7.216190763603727e-05,0.000807618964317418,9.995439504383529e-05,176613604.5509568,0.0009456366246643926
2020-10-22,23386395.44803764,0.000114883647506474,6.0066393963010534e-05,0.0006722488425263307,8.32004068035112e-05,176613604.55117536,0.0007871324900328047
2020-10-23,23386395.447987642,9.562727285198974e-05,4.999828582577754e-05,0.000559568962895499,6.925466048026179e-05,176613604.5513573,0.0006551962357474887
2020-10-24,23386395.447946023,7.959858092592777e-05,4.16177569616677e-05,0.0004657760704490758,5.764644888772967e-05,176613604.55150872,0.0005453746513750036
2020-10-25,23386395.44791138,6.625655941510183e-05,3.464194153687518e-05,0.0003877043978285225,4.798396304770113e-05,176613604.5516348,0.0004539609572436243
2020-10-26,23386395.447882548,5.5150878501368994e-05,2.8835386648772882e-05,0.0003227188119617694,3.994106756250572e-05,176613604.55173972,0.0003778696904631384
2020-10-27,23386395.447858546,4.590669099518121e-05,2.4002105144689638e-05,0.0002686258710948691,3.324629265087742e-05,176613604.55182707,0.00031453256209005036
2020-10-28,23386395.447838567,3.821198021487261e-05,1.9978960517988288e-05,0.0002235997901170248,2.7673671298296886e-05,176613604.55189976,0.0002618117703318974
2020-10-29,23386395.447821938,3.180702856790847e-05,1.66301606035444e-05,0.00018612081530566598,2.303511225050854e-05,176613604.5519603,0.00021792784387357446
2020-10-30,23386395.447808094,2.6475651369829256e-05,1.3842674219746421e-05,0.00015492392847020367,1.9174051417825638e-05,176613604.55201066,0.00018139957984003292
2020-10-31,23386395.447796572,2.203790001823658e-05,1.1522416056114126e-05,0.00012895614911863219,1.5960167407706803e-05,176613604.5520526,0.00015099404913686878
2020-11-01,23386395.44778698,1.8343988233930855e-05,9.591071036029283e-06,0.00010734099347799693,1.3284982820335006e-05,176613604.5520875,0.00012568498171192777
2020-11-02,23386395.447778996,1.5269236363180776e-05,7.983450968110934e-06,8.934889076319335e-05,1.1058202838861011e-05,176613604.55211654,0.00010461812712637413
2020-11-03,23386395.44777235,1.2709863097460423e-05,6.645294265969576e-06,7.437255816203261e-05,9.20466753168993e-06,176613604.5521407,8.708242125949303e-05
2020-11-04,23386395.447766818,1.0579482569653369e-05,5.5314344708473675e-06,6.19065033747826e-05,7.661814998654422e-06,176613604.55216083,7.248598594443597e-05
2020-11-05,23386395.447762214,8.806188594113552e-06,4.6042757597604416e-06,5.1529962862677286e-05,6.377569735300259e-06,176613604.55217758,6.0336151456790834e-05
2020-11-06,23386395.44775838,7.330127635688064e-06,3.832523983361987e-06,4.289269992448761e-05,5.3085849417874745e-06,176613604.55219153,5.0222827560175675e-05
2020-11-07,23386395.44775519,6.101478588750002e-06,3.190130402573704e-06,3.570318324728774e-05,4.4187794495117665e-06,176613604.55220315,4.180466183603774e-05
2020-11-08,23386395.447752535,5.078771178242988e-06,2.655412472200019e-06,2.971874692508324e-05,3.6781198827070327e-06,176613604.5522128,3.4797518103326225e-05
2020-11-09,23386395.447750326,4.227486224160652e-06,2.2103219955606622e-06,2.473739981894262e-05,3.061606949642998e-06,176613604.55222085,2.896488604310327e-05
2020-11-10,23386395.447748486,3.518890524548283e-06,1.8398359483532937e-06,2.059100780207275e-05,2.548431647965663e-06,176613604.55222756,2.4109898326621033e-05
2020-11-11,23386395.447746955,2.9290670311324882e-06,1.5314494103807927e-06,1.7139618771910988e-05,2.1212729037965875e-06,176613604.55223313,2.0068685803043476e-05
2020-11-12,23386395.44774568,2.4381075833465014e-06,1.2747534901983132e-06,1.4266738882827752e-05,1.7657129379842998e-06,176613604.55223778,1.6704846466174255e-05
2020-11-13,23386395.44774462,2.029440953310452e-06,1.0610839964793424e-06,1.1875400559337763e-05,1.4697506265153913e-06,176613604.55224165,1.3904841512648214e-05
2020-11-14,23386395.447743736,1.6892735214417773e-06,8.832289977958162e-07,9.884889574481842e-06,1.223396429664491e-06,176613604.55224487,1.1574163095923619e-05
2020-11-15,23386395.447743002,1.406123703963598e-06,7.351854001528052e-07,8.2280207232983e-06,1.0183352176309847e-06,176613604.55224755,9.634144427261898e-06
2020-11-16,23386395.44774239,1.1704344179625838e-06,6.119563261019569e-07,6.84887013789173e-06,8.476456121029711e-07,176613604.5522498,8.019304555854313e-06
2020-11-17,23386395.44774188,9.74250503629145e-07,5.093824564230583e-07,5.7008877035134255e-06,7.055663707564971e-07,176613604.55225164,6.67513820714257e-06
2020-11-18,23386395.447741456,8.109502157958466e-07,4.24001641692906e-07,4.745325864519153e-06,5.873019295262044e-07,176613604.5522532,5.556276080315e-06
2020-11-19,23386395.447741102,6.750217218770522e-07,3.529320452468994e-07,3.949931788096195e-06,4.888605391656938e-07,176613604.55225447,4.624953509973247e-06
2020-11-20,23386395.447740808,5.618770624022745e-07,2.9377487328781625e-07,3.2878587426985328e-06,4.069195327625941e-07,176613604.55225554,3.849735805100807e-06
2020-11-21,23386395.447740562,4.676972948009989e-07,2.445334090161674e-07,2.7367599472266875e-06,3.3871317661744295e-07,176613604.55225644,3.2044572420276862e-06
2020-11-22,23386395.447740357,3.893035936170067e-07,2.0354561796197082e-07,2.278034305876797e-06,2.81939319145963e-07,176613604.55225718,2.667337899493804e-06
2020-11-23,23386395.44774019,3.2404995643090445e-07,1.6942804976305457e-07,1.8961985701414279e-06,2.346816869491568e-07,176613604.5522578,2.220248526572332e-06
2020-11-24,23386395.44774005,2.697338940214803e-07,1.4102914292104944e-07,1.5783647367077233e-06,1.953452053304736e-07,176613604.5522583,1.8480986307292035e-06
2020-11-25,23386395.44773993,2.2452209031388853e-07,1.173903564425188e-07,1.3138050419986501e-06,1.6260216015011056e-07,176613604.55225873,1.5383271323125388e-06
2020-11-26,23386395.447739832,1.868885229340274e-07,9.771381645151304e-08,1.0935898707300531e-06,1.3534738383137415e-07,176613604.5522591,1.2804783936640805e-06
2020-11-27,23386395.44773975,1.5556295576810758e-07,8.1335385757988e-08,9.102863569042403e-07,1.1266095292390782e-07,176613604.5522594,1.0658493126723478e-06
2020-11-28,23386395.447739683,1.29488065010032e-07,6.770224740616281e-08,7.577075041970047e-07,9.37771381642384e-08,176613604.55225962,8.871955692070367e-07
2020-11-29,23386395.447739627,1.0778375158309868e-07,5.635424558609316e-08,6.307033578630792e-07,7.805855901302648e-08,176613604.55225983,7.384871094461779e-07
2020-11-30,23386395.44773958,8.971743538238126e-08,4.690835411305141e-08,5.24987179639095e-07,6.497467031376883e-08,176613604.55226,6.147046150214762e-07
2020-12-01,23386395.44773954,7.467932868699605e-08,3.904574824329527e-08,4.3699075857028245e-07,5.408385493868047e-08,176613604.55226016,5.116700872572786e-07
2020-12-02,23386395.447739508,6.216185415210393e-08,3.250104346455019e-08,3.637439741044874e-07,4.501851799944232e-08,176613604.55226028,4.2590582825659136e-07
2020-12-03,23386395.447739482,5.174251268142822e-08,2.7053338040870196e-08,3.0277454637761235e-07,3.74726795115459e-08,176613604.55226037,3.545170590590406e-07
2020-12-04,23386395.44773946,4.306962292399937e-08,2.2518756973199348e-08,2.520245899876695e-07,3.119164673062819e-08,176613604.55226046,2.950942129116689e-07
2020-12-05,23386395.44773944,3.585045106402996e-08,1.874424571385362e-08,2.0978115471845826e-07,2.5963417573823026e-08,176613604.55226052,2.456316057824882e-07
2020-12-06,23386395.447739426,2.9841330251773206e-08,1.560240415576554e-08,1.7461840877179028e-07,2.1611524968022295e-08,176613604.55226058,2.0445973902356348e-07
2020-12-07,23386395.447739415,2.4839436179057453e-08,1.2987186529460093e-08,1.4534951303378036e-07,1.7989080602175845e-08,176613604.55226064,1.701889492128378e-07
2020-12-08,23386395.447739404,2.0675941202614642e-08,1.081032206749127e-08,1.2098656199969956e-07,1.497381704393408e-08,176613604.55226067,1.416625032023142e-07
2020-12-09,23386395.447739396,1.721031594808926e-08,8.998335623947258e-09,1.0070723925373742e-07,1.246396087847264e-08,176613604.5522607,1.1791755520182668e-07
2020-12-10,23386395.44773939,1.4325586058234642e-08,7.490067686761239e-09,8.382706203466378e-08,1.0374797576615856e-08,176613604.55226073,9.815264809289842e-08
2020-12-11,23386395.44773938,1.192438398753924e-08,6.234610076441585e-09,6.977627806535851e-08,8.635812147136988e-09,176613604.55226076,8.170066205289775e-08
2020-12-12,23386395.447739378,9.925662580523044e-09,5.18958765539204e-09,5.8080634850842516e-08,7.188309062408236e-09,176613604.5522608,6.800629743136556e-08
2020-12-13,23386395.447739374,8.261959507958288e-09,4.319728050798784e-09,4.834537235587602e-08,5.983431123363539e-09,176613604.55226082,5.660733186383431e-08
2020-12-14,23386395.44773937,6.877120228234205e-09,3.5956711153091025e-09,4.024189877109095e-08,4.980510395033185e-09,176613604.55226082,4.7119018999325156e-08
2020-12-15,23386395.447739366,5.724402617566891e-09,2.9929779415344143e-09,3.349669963822099e-08,4.145695552201728e-09,176613604.55226082,3.922110225578788e-08
2020-12-16,23386395.447739363,4.764899295125528e-09,2.4913059818991567e-09,2.7882105986987852e-08,3.4508093043405188e-09,176613604.55226082,3.264700528211338e-08
2020-12-17,23386395.44773936,3.966224392221037e-09,2.073722431868165e-09,2.3208609882944045e-08,2.872397334772656e-09,176613604.55226082,2.7174834275165082e-08
2020-12-18,23386395.44773936,3.301420440415565e-09,1.726132701353296e-09,1.9318468014936273e-08,2.3909366531587684e-09,176613604.55226082,2.2619888455351837e-08
2020-12-19,23386395.44773936,2.7480484830285122e-09,1.4368046836417925e-09,1.6080377425723458e-08,1.9901766410288454e-09,176613604.55226082,1.882842590875197e-08
2020-12-20,23386395.44773936,2.2874306988069442e-09,1.1959727646179726e-09,1.3385043677055237e-08,1.6565905488395406e-09,176613604.55226082,1.567247437586218e-08
2020-12-21,23386395.44773936,1.9040199742320693e-09,9.955082065034214e-10,1.114149186262747e-08,1.3789189310782963e-09,176613604.55226082,1.304551183685954e-08
2020-12-22,23386395.44773936,1.5848751457980934e-09,8.286447806628973e-10,9.273995955484537e-09,1.1477896090968732e-09,176613604.55226082,1.0858871101282631e-08
2020-12-23,23386395.44773936,1.3192242002511556e-09,6.897503888306734e-10,7.719522846921574e-09,9.554013343776112e-10,176613604.55226082,9.03874704717273e-09
2020-12-24,23386395.44773936,1.0981006895984317e-09,5.741369643473424e-10,6.42560480618958e-09,7.952604750000662e-10,176613604.55226082,7.523705495788012e-09
2020-12-25,23386395.44773936,9.14041088896781e-10,4.779022370524578e-10,5.348568550683387e-09,6.619618377541085e-10,176613604.55226082,6.262609639580168e-09
2020-12-26,23386395.44773936,7.608328818162745e-10,3.977980209641605e-10,4.452061152874357e-09,5.51006228044667e-10,176613604.55226082,5.212894034690632e-09
2020-12-27,23386395.44773936,6.333048711754643e-10,3.3112057909373796e-10,3.705823029303876e-09,4.5864858973454817e-10,176613604.55226082,4.33912790047934e-09
2020-12-28,23386395.44773936,5.271526368538615e-10,2.756193649069221e-10,3.084666596650974e-09,3.8177159922852494e-10,176613604.55226082,3.6118192335048355e-09
2020-12-29,23386395.44773936,4.387932498074638e-10,2.2942106020595478e-10,2.567626121715178e-09,3.177804472523525e-10,176613604.55226082,3.0064193715226417e-09
2020-12-30,23386395.44773936,3.652443383868941e-10,1.9096634550260674e-10,2.1372500704198735e-09,2.645152569231764e-10,176613604.55226082,2.5024944088067677e-09
2020-12-31,23386395.44773936,3.040234251147107e-10,1.5895726870882284e-10,1.7790120706742272e-09,2.201781819810062e-10,176613604.55226082,2.0830354957889377e-09
2021-01-01,23386395.44773936,2.530641362620414e-10,1.3231343569395581e-10,1.4808206074747465e-09,1.8327272454662514e-10,176613604.55226082,1.7338847437367878e-09
2021-01-02,23386395.44773936,2.106464560679482e-10,1.1013554401974242e-10,1.232610901111434e-09,1.5255322421383563e-10,176613604.55226082,1.4432573571793822e-09
2021-01-03,23386395.44773936,1.7533867149013972e-10,9.167502901656359e-11,1.0260051932486707e-09,1.2698281359437205e-10,176613604.55226082,1.2013438647388103e-09
2021-01-04,23386395.44773936,1.4594904796314333e-10,7.630879767281355e-11,8.540299746043494e-10,1.0569842119980996e-10,176613604.55226082,9.999790225674928e-10
2021-01-05,23386395.44773936,1.2148560508824086e-10,6.351819753684842e-11,7.108806098858902e-10,8.798164041175088e-11,176613604.55226082,8.32366214974131e-10
2021-01-06,23386395.44773936,1.0112263457438283e-10,5.287151077427452e-11,5.917254154291853e-10,7.323448128813254e-11,176613604.55226082,6.928480500035681e-10
2021-01-07,23386395.44773936,8.417283031875821e-11,4.40093825069981e-11,4.925425766234442e-10,6.095918676262273e-11,176613604.55226082,5.767154069422025e-10
2021-01-08,23386395.44773936,7.006408994080245e-11,3.663269160051434e-11,4.099844006377556e-10,5.0741431978470095e-11,176613604.55226082,4.80048490578558e-10
2021-01-09,23386395.44773936,5.832020475779195e-11,3.0492454505241134e-11,3.4126432260658097e-10,4.223633968825164e-11,176613604.55226082,3.995845273643729e-10
2021-01-10,23386395.44773936,4.8544786435740624e-11,2.5381421378852365e-11,2.840628514230441e-10,3.515683970090369e-11,176613604.55226082,3.3260763785878476e-10
2021-01-11,23386395.44773936,4.0407887795983955e-11,2.1127080835691138e-11,2.364492805525824e-10,2.9263979475447804e-11,176613604.55226082,2.7685716834856634e-10
2021-01-12,23386395.44773936,3.3634866192978e-11,1.7585837214369984e-11,1.9681652139220322e-10,2.4358858817375934e-11,176613604.55226082,2.3045138758518122e-10
2021-01-13,23386395.44773936,2.7997113571770812e-11,1.463816383037014e-11,1.6382685962249389e-10,2.027591645157733e-11,176613604.55226082,1.918239731942647e-10
2021-01-14,23386395.44773936,2.3304340319161918e-11,1.2184568622622334e-11,1.3636680368049397e-10,1.6877341875231228e-11,176613604.55226082,1.5967114399965588e-10
2021-01-15,23386395.44773936,1.9398152467363988e-11,1.014223602357637e-11,1.13509501365557e-10,1.4048423875374299e-11,176613604.55226082,1.3290765383292098e-10
2021-01-16,23386395.44773936,1.6146705463174932e-11,8.44223170666438e-12,9.448345603557167e-11,1.1693678710853438e-11,176613604.55226082,1.106301614987466e-10
2021-01-17,23386395.44773936,1.3440254052707313e-11,7.027175863718227e-12,7.864648647936556e-11,9.733627274185847e-12,176613604.55226082,9.208674053207287e-11
2021-01-18,23386395.44773936,1.1187448078079695e-11,5.849306479072589e-12,6.54640515395665e-11,8.102112453700206e-12,176613604.55226082,7.665149961764621e-11
2021-01-19,23386395.44773936,9.312249159049038e-12,4.868867230543028e-12,5.4491207882496005e-11,6.744066149573686e-12,176613604.55226082,6.380345704154504e-11
2021-01-20,23386395.44773936,7.7513641891328e-12,4.052765604515617e-12,4.5357591940345355e-11,5.613650574431856e-12,176613604.55226082,5.310895612947816e-11
2021-01-21,23386395.44773936,6.452109019675982e-12,3.3734559328521575e-12,3.775491912499418e-11,4.672711102308975e-12,176613604.55226082,4.420702814467016e-11
2021-01-22,23386395.44773936,5.370630225341222e-12,2.808009651043111e-12,3.1426578377652686e-11,3.8894884453778716e-12,176613604.55226082,3.6797208602993905e-11
2021-01-23,23386395.44773936,4.470424930730201e-12,2.337341396270972e-12,2.6158970841839927e-11,3.237546690881993e-12,176613604.55226082,3.062939577257013e-11
2021-01-24,23386395.44773936,3.721108738225297e-12,1.9455648240712046e-12,2.177430031615623e-11,2.694881016576108e-12,176613604.55226082,2.5495409054381527e-11
2021-01-25,23386395.44773936,3.0973901712370206e-12,1.6194564006363022e-12,1.812457214485788e-11,2.2431749676245786e-12,176613604.55226082,2.12219623160949e-11
2021-01-26,23386395.44773936,2.5782170175041085e-12,1.3480090722826021e-12,1.508659799233207e-11,1.8671822260155142e-12,176613604.55226082,1.7664815009836177e-11
2021-01-27,23386395.44773936,2.146065759191407e-12,1.1220607472002525e-12,1.255783789891073e-11,1.5542120055129538e-12,176613604.55226082,1.470390365810214e-11
2021-01-28,23386395.44773936,1.786350106102522e-12,9.339850497264632e-13,1.0452939276003182e-11,1.2937007028153484e-12,176613604.55226082,1.2239289382105705e-11
2021-01-29,23386395.44773936,1.4869286683809773e-12,7.774339092506016e-13,8.700856022141162e-12,1.0768553469721462e-12,176613604.55226082,1.018778469052214e-11
2021-01-30,23386395.44773936,1.2376951513032999e-12,6.471232954207189e-13,7.24245052220153e-12,8.963568124983963e-13,176613604.55226082,8.48014567350483e-12
2021-01-31,23386395.44773936,1.0302372401143333e-12,5.386548676270606e-13,6.028497590703635e-12,7.461127788160273e-13,176613604.55226082,7.0587348308179685e-12
2021-02-01,23386395.44773936,8.57552661332437e-13,4.483675189434951e-13,5.018022986793178e-12,6.210520977253913e-13,176613604.55226082,5.875575648125615e-12
2021-02-02,23386395.44773936,7.138128368148806e-13,3.732138037277175e-13,4.176920421236446e-12,5.16953628245274e-13,176613604.55226082,4.8907332580513265e-12
2021-02-03,23386395.44773936,5.941661532599274e-13,3.106570779728245e-13,3.476800375617954e-12,4.303037615277778e-13,176613604.55226082,4.070966528877882e-12
2021-02-04,23386395.44773936,4.945742069517513e-13,2.5858588061502135e-13,2.894031878232153e-12,3.581778269231974e-13,176613604.55226082,3.388606085183904e-12
2021-02-05,23386395.44773936,4.1167549655920567e-13,2.1524266593177508e-13,2.4089448939774995e-12,2.9814137632432067e-13,176613604.55226082,2.8206203905367052e-12
2021-02-06,23386395.44773936,3.4267196324656303e-13,1.7916448155339247e-13,2.0051664067242735e-12,2.481680148660351e-13,176613604.55226082,2.3478383699708365e-12
2021-02-07,23386395.44773936,2.8523454851378645e-13,1.4913358980821457e-13,1.6690677851151747e-12,2.0657100454099118e-13,176613604.55226082,1.954302333628961e-12
2021-02-08,23386395.44773936,2.374245820844218e-13,1.2413636573640214e-13,1.3893047788788053e-12,1.7194633216576678e-13,176613604.55226082,1.6267293609632272e-12
2021-02-09,23386395.44773936,1.976283464667246e-13,1.0332908446754891e-13,1.156434619269998e-12,1.4312532008524613e-13,176613604.55226082,1.3540629657367225e-12
2021-02-10,23386395.44773936,1.6450260956249307e-13,8.60094431922855e-14,9.62597299726705e-13,1.1913518009651701e-13,176613604.55226082,1.1270999092891981e-12
2021-02-11,23386395.44773936,1.3692928689977386e-13,7.159285651631079e-14,8.012502790914876e-13,9.916617917903001e-14,176613604.55226082,9.381795659912615e-13
2021-02-12,23386395.44773936,1.1397770321544816e-13,5.959272510003637e-14,6.669476529037224e-13,8.254430878436208e-14,176613604.55226082,7.809253561191705e-13
2021-02-13,23386395.44773936,9.48731796126095e-14,4.9604011596316526e-14,5.551563391879882e-13,6.870853519915519e-14,176613604.55226082,6.500295188005977e-13
2021-02-14,23386395.44773936,7.897088602314026e-14,4.128956952911694e-14,4.621030745048574e-13,5.719186311858618e-14,176613604.55226082,5.410739605279976e-13
2021-02-15,23386395.44773936,6.573407642438638e-14,3.4368763675282635e-14,3.846470559611725e-13,4.7605573274036515e-14,176613604.55226082,4.503811323855589e-13
2021-02-16,23386395.44773936,5.471597218880041e-14,2.86079978560796e-14,3.2017393049836155e-13,3.962610209166557e-14,176613604.55226082,3.74889902687162e-13
2021-02-17,23386395.44773936,4.5544682079916006e-14,2.3812830425496092e-14,2.665075533065239e-13,3.298412053438049e-14,176613604.55226082,3.120522353864399e-13
2021-02-18,23386395.44773936,3.791064990315947e-14,1.982141133140941e-14,2.2183653696874965e-13,2.7455443508165948e-14,176613604.55226082,2.597471868719091e-13
2021-02-19,23386395.44773936,3.155620613528664e-14,1.6499019232432986e-14,1.8465311216784478e-13,2.2853463000305813e-14,176613604.55226082,2.1620931830313143e-13
2021-02-20,23386395.44773936,2.6266870871282872e-14,1.3733514283154598e-14,1.5370223633663158e-13,1.902284954715837e-14,176613604.55226082,1.7996910720791446e-13
2021-02-21,23386395.44773936,2.186411453933106e-14,1.1431553106796312e-14,1.2793923252919677e-13,1.5834309438748123e-14,176613604.55226082,1.4980334706852784e-13
2021-02-22,23386395.44773936,1.8199332038123367e-14,9.515438200242437e-15,1.0649452870881111e-13,1.318022070145013e-14,176613604.55226082,1.2469386074693448e-13
2021-02-23,23386395.44773936,1.514882690712419e-14,7.920495430214364e-15,8.864430730678071e-14,1.097100056121354e-14,176613604.55226082,1.0379313421390491e-13
2021-02-24,23386395.44773936,1.2609636231774227e-14,6.592891103895591e-15,7.378607439434435e-14,9.132081779245554e-15,176613604.55226082,8.639571062611858e-14
2021-02-25,23386395.44773936,1.0496055362735542e-14,5.487814934153587e-15,6.141832386016354e-14,7.601395803192272e-15,176613604.55226082,7.191437922289908e-14
2021-02-26,23386395.44773936,8.736745148920807e-15,4.567967569451315e-15,5.112361020362226e-14,6.32727778326605e-15,176613604.55226082,5.986035535254306e-14
2021-02-27,23386395.44773936,7.272324045487648e-15,3.802301638434764e-15,4.255445860428518e-14,5.266722741867923e-15,176613604.55226082,4.9826782649772825e-14
2021-02-28,23386395.44773936,6.053363823838971e-15,3.1649738159984943e-15,3.5421636693715234e-14,4.383934037647171e-15,176613604.55226082,4.1475000517554204e-14
2021-03-01,23386395.44773936,5.0387212333447716e-15,2.6344725401848024e-15,2.9484392169783304e-14,3.6491151306790015e-15,176613604.55226082,3.4523113403128075e-14
2021-03-02,23386395.44773936,4.194149303792919e-15,2.192891937969533e-15,2.4542326746178323e-14,3.037463867521386e-15,176613604.55226082,2.873647604997124e-14
2021-03-03,23386395.44773936,3.4911414162179305e-15,1.8253274529384344e-15,2.0428632160627196e-14,2.5283353405134227e-15,176613604.55226082,2.3919773576845128e-14
2021-03-04,23386395.44773936,2.9059691263279617e-15,1.5193727756305903e-15,1.7004459938550748e-14,2.104545065520559e-15,176613604.55226082,1.991042906487871e-14
2021-03-05,23386395.44773936,2.4188812644317552e-15,1.264701096568269e-15,1.4154234876237539e-14,1.7517889584644752e-15,176613604.55226082,1.6573116140669295e-14
2021-03-06,23386395.44773936,2.0134372792915346e-15,1.0527165481145005e-15,1.1781754060739304e-14,1.4581605332547213e-15,176613604.55226082,1.3795191340030838e-14
2021-03-07,23386395.44773936,1.675952324428478e-15,8.76264070365094e-16,9.806939757710543e-15,1.2137490252281506e-15,176613604.55226082,1.148289208213902e-14
2021-03-08,23386395.44773936,1.3950353570216763e-15,7.293879082532359e-16,8.163136568251255e-15,1.0103048756600377e-15,176613604.55226082,9.558171925272931e-15
2021-03-09,23386395.44773936,1.161204658971579e-15,6.071305884815877e-16,6.794861626383378e-15,8.409612865316851e-16,176613604.55226082,7.956066285354956e-15
2021-03-10,23386395.44773936,9.66567802909349e-16,5.053655912020169e-16,5.655931900155401e-15,7.000024472642468e-16,176613604.55226082,6.62249970306475e-15
2021-03-11,23386395.44773936,8.045552611272054e-16,4.206580686532306e-16,4.707905387651316e-15,5.826706104353743e-16,176613604.55226082,5.512460648778522e-15
